geomean, harmean, arimean
3.889586236553231e-05, 2.2790859185645434e-05, 6.064688058281452e-05
list of kf values
2.247319460506712e-05
2.7805342963917312e-05
3.290735629315256e-05
7.8493587522033e-06
5.582238915103096e-05
6.075388787672677e-06
2.600424645402874e-05
6.360725692339512e-05
0.00021365157408149833
1.1527943985654307e-05
0.00018882146833098149
3.433092831949852e-05
2.5942502612587458e-05
0.00014869450889942712
0.00024814902255607005
8.366958190291708e-06
2.255569792727032e-05
8.132662062352543e-05
0.00012075131560877343
1.3438697960894617e-05
1.201451028271368e-05
4.5333932581849555e-05
1.2192949491841186e-05
3.105931658893937e-05
0.00016089004885875682
5.122246995258086e-05
5.263873925792546e-05
2.8915270857923346e-06
3.177291615899524e-05
4.575167460888869e-05
0.0001990961191855451
1.742482527614857e-05
0.0001714889211101968
1.693971606339831e-05
7.275282666746663e-05
4.500456947327292e-05
6.553138885224037e-05
0.00013894321188337173
4.502062071149031e-05
7.237246697477919e-05
0.00016057791207874575
1.8427717261895475e-05
1.6226859533456122e-05
8.025338797797561e-05
8.624355578765117e-05
5.886946221984605e-05
0.0001497082941776912
1.5946034788583966e-05
5.221654917223161e-05
8.043422832866416e-06
3.984063780721551e-05
1.2246626852915896e-05
5.17685712546124e-06
1.5632141568451063e-05
4.391907402182451e-05
0.00019674457336476045
0.00010908786450381419
8.872131263081817e-05
9.119135209644262e-05
3.525915190598645e-05
8.011776901240488e-05
6.155298911800634e-05
1.6701206488990272e-05
3.892660010052629e-06
5.842930605459459e-05
9.73809865670914e-05
9.319005379435814e-06
5.5343147006655494e-05
4.944014706393287e-05
8.614382716334112e-05
2.0590965324205727e-05
9.816924247209216e-05
6.454856487192725e-06
1.2447257817679035e-05
1.5517785101575803e-05
4.6814905692017744e-05
9.845699983847693e-05
1.899383124391658e-05
5.3616377516842693e-05
8.573836015097058e-05
0.0001339119549627756
3.421748929921927e-05
0.0002149270136032427
1.9244059636268872e-05
3.4324525445125946e-05
4.1682739632349594e-05
3.644895947593577e-05
5.165033993952171e-06
0.00011237516772557653
9.614419858466223e-05
2.5540126935860893e-05
3.1392133425671025e-05
9.763722296407876e-05
1.510232901209177e-05
9.456999218638642e-05
4.3988865092470335e-05
1.2699577144699014e-05
6.317250816723363e-05
2.6390269925956823e-05
1.585495375665277e-05