0.000000000000000000e+00 30
8.640000000000000000e+04 30
1.728000000000000000e+05 30
2.592000000000000000e+05 30
3.456000000000000000e+05 30
4.320000000000000000e+05 30
5.184000000000000000e+05 30
6.048000000000000000e+05 30
6.912000000000000000e+05 30
7.776000000000000000e+05 30
8.640000000000000000e+05 30
9.504000000000000000e+05 30
1.036800000000000000e+06 30
1.123200000000000000e+06 30
1.209600000000000000e+06 30
1.296000000000000000e+06 30
1.382400000000000000e+06 30
1.468800000000000000e+06 30
1.555200000000000000e+06 30
1.641600000000000000e+06 30
1.728000000000000000e+06 30
1.814400000000000000e+06 30
1.900800000000000000e+06 30
1.987200000000000000e+06 30
2.073600000000000000e+06 30
2.160000000000000000e+06 30
2.246400000000000000e+06 30
2.332800000000000000e+06 30
2.419200000000000000e+06 30
2.505600000000000000e+06 30
2.592000000000000000e+06 30
2.678400000000000000e+06 30
2.764800000000000000e+06 30
2.851200000000000000e+06 30
2.937600000000000000e+06 30
3.024000000000000000e+06 30
3.110400000000000000e+06 30
3.196800000000000000e+06 30
3.283200000000000000e+06 30
3.369600000000000000e+06 30
3.456000000000000000e+06 30
3.542400000000000000e+06 30
3.628800000000000000e+06 30
3.715200000000000000e+06 30
3.801600000000000000e+06 30
3.888000000000000000e+06 30
3.974400000000000000e+06 30
4.060800000000000000e+06 30
4.147200000000000000e+06 30
4.233600000000000000e+06 30
4.320000000000000000e+06 30
4.406400000000000000e+06 30
4.492800000000000000e+06 30
4.579200000000000000e+06 30
4.665600000000000000e+06 30
4.752000000000000000e+06 30
4.838400000000000000e+06 30
4.924800000000000000e+06 30
5.011200000000000000e+06 30
5.097600000000000000e+06 30
5.184000000000000000e+06 30
5.270400000000000000e+06 30
5.356800000000000000e+06 30
5.443200000000000000e+06 30
5.529600000000000000e+06 30
5.616000000000000000e+06 30
5.702400000000000000e+06 30
5.788800000000000000e+06 30
5.875200000000000000e+06 30
5.961600000000000000e+06 30
6.048000000000000000e+06 30
6.134400000000000000e+06 30
6.220800000000000000e+06 30
6.307200000000000000e+06 30
6.393600000000000000e+06 30
6.480000000000000000e+06 30
6.566400000000000000e+06 30
6.652800000000000000e+06 30
6.739200000000000000e+06 30
6.825600000000000000e+06 30
6.912000000000000000e+06 30
6.998400000000000000e+06 30
7.084800000000000000e+06 30
7.171200000000000000e+06 30
7.257600000000000000e+06 30
7.344000000000000000e+06 30
7.430400000000000000e+06 30
7.516800000000000000e+06 30
7.603200000000000000e+06 30
7.689600000000000000e+06 30
7.776000000000000000e+06 30
7.862400000000000000e+06 30
7.948800000000000000e+06 30
8.035200000000000000e+06 30
8.121600000000000000e+06 30
8.208000000000000000e+06 30
8.294400000000000000e+06 30
8.380800000000000000e+06 30
8.467200000000000000e+06 30
8.553600000000000000e+06 30
8.640000000000000000e+06 30