0.000000000000000000e+00 1.825807022297356138e-05
8.640000000000000000e+04 9.047261024645093344e-06
1.728000000000000000e+05 0.000000000000000000e+00
2.592000000000000000e+05 0.000000000000000000e+00
3.456000000000000000e+05 0.000000000000000000e+00
4.320000000000000000e+05 8.583949766862544230e-06
5.184000000000000000e+05 0.000000000000000000e+00
6.048000000000000000e+05 3.514438616327045851e-06
6.912000000000000000e+05 1.921789280734848048e-05
7.776000000000000000e+05 8.101420680359128104e-06
8.640000000000000000e+05 1.099379801984930490e-05
9.504000000000000000e+05 6.569281378277342240e-06
1.036800000000000000e+06 1.692854630754589765e-05
1.123200000000000000e+06 4.372932302414419931e-06
1.209600000000000000e+06 0.000000000000000000e+00
1.296000000000000000e+06 7.635100423277894056e-06
1.382400000000000000e+06 0.000000000000000000e+00
1.468800000000000000e+06 3.855844418941624056e-06
1.555200000000000000e+06 1.660127451339673410e-05
1.641600000000000000e+06 0.000000000000000000e+00
1.728000000000000000e+06 5.125322951185670267e-06
1.814400000000000000e+06 4.897821826397841329e-06
1.900800000000000000e+06 0.000000000000000000e+00
1.987200000000000000e+06 0.000000000000000000e+00
2.073600000000000000e+06 1.993520856149821904e-05
2.160000000000000000e+06 4.626471485568959113e-06
2.246400000000000000e+06 0.000000000000000000e+00
2.332800000000000000e+06 1.284780907127425701e-05
2.419200000000000000e+06 1.391975020668892251e-05
2.505600000000000000e+06 0.000000000000000000e+00
2.592000000000000000e+06 1.655994905178758203e-05
2.678400000000000000e+06 1.186777147278496234e-05
2.764800000000000000e+06 1.096048306003552826e-05
2.851200000000000000e+06 0.000000000000000000e+00
2.937600000000000000e+06 0.000000000000000000e+00
3.024000000000000000e+06 0.000000000000000000e+00
3.110400000000000000e+06 9.241276091325799919e-06
3.196800000000000000e+06 7.724131832577204397e-06
3.283200000000000000e+06 1.863970192139787266e-05
3.369600000000000000e+06 7.657495679070828949e-06
3.456000000000000000e+06 6.447070738114505318e-06
3.542400000000000000e+06 2.064173389872592419e-05
3.628800000000000000e+06 7.894138494097045864e-06
3.715200000000000000e+06 1.204726762924894218e-05
3.801600000000000000e+06 0.000000000000000000e+00
3.888000000000000000e+06 0.000000000000000000e+00
3.974400000000000000e+06 1.218276216730328707e-05
4.060800000000000000e+06 0.000000000000000000e+00
4.147200000000000000e+06 1.062767482527814144e-05
4.233600000000000000e+06 1.090343138745909367e-05
4.320000000000000000e+06 0.000000000000000000e+00
4.406400000000000000e+06 1.322887081198556072e-05
4.492800000000000000e+06 1.217361410649400479e-05
4.579200000000000000e+06 5.895679584078260546e-06
4.665600000000000000e+06 9.810577476975417482e-06
4.752000000000000000e+06 1.972864340313130481e-05
4.838400000000000000e+06 6.217040587558227636e-06
4.924800000000000000e+06 2.915681891798780728e-05
5.011200000000000000e+06 7.859981723091822613e-06
5.097600000000000000e+06 2.165268504016728410e-05
5.184000000000000000e+06 0.000000000000000000e+00
5.270400000000000000e+06 7.166981603657581769e-06
5.356800000000000000e+06 5.676280799461359037e-06
5.443200000000000000e+06 0.000000000000000000e+00
5.529600000000000000e+06 1.504783472432476971e-05
5.616000000000000000e+06 1.036744302373462484e-05
5.702400000000000000e+06 1.328232975779938748e-05
5.788800000000000000e+06 9.789596763649219046e-06
5.875200000000000000e+06 1.972349356556338997e-05
5.961600000000000000e+06 0.000000000000000000e+00
6.048000000000000000e+06 5.506068240951497188e-06
6.134400000000000000e+06 1.200019517757274470e-05
6.220800000000000000e+06 1.506445150672472011e-05
6.307200000000000000e+06 1.943365842566443914e-05
6.393600000000000000e+06 9.087697634615935182e-06
6.480000000000000000e+06 1.275365408773229341e-05
6.566400000000000000e+06 2.031379864649115097e-05
6.652800000000000000e+06 2.177730711035238902e-05
6.739200000000000000e+06 9.041077877499180060e-06
6.825600000000000000e+06 4.631054147189177413e-06
6.912000000000000000e+06 0.000000000000000000e+00
6.998400000000000000e+06 1.178040586002284319e-05
7.084800000000000000e+06 2.300943860784973610e-05
7.171200000000000000e+06 1.044459323819707508e-05
7.257600000000000000e+06 0.000000000000000000e+00
7.344000000000000000e+06 0.000000000000000000e+00
7.430400000000000000e+06 0.000000000000000000e+00
7.516800000000000000e+06 1.362672995041642588e-05
7.603200000000000000e+06 0.000000000000000000e+00
7.689600000000000000e+06 0.000000000000000000e+00
7.776000000000000000e+06 0.000000000000000000e+00
7.862400000000000000e+06 1.540315828596898573e-05
7.948800000000000000e+06 4.457493610896450119e-06
8.035200000000000000e+06 0.000000000000000000e+00
8.121600000000000000e+06 1.286362085117402324e-05
8.208000000000000000e+06 4.276490791263454985e-06
8.294400000000000000e+06 9.841130369418676574e-06
8.380800000000000000e+06 0.000000000000000000e+00
8.467200000000000000e+06 9.225580508257170471e-06
8.553600000000000000e+06 3.583332988763741022e-05
8.640000000000000000e+06 1.152459797372635014e-05