3.3323578187748146e-051.1124344870122469e-05
1.702947782927914e-05
2.3852329813499206e-05
1.3571041440619675e-06
6.863753197045883e-05
8.130045379911329e-07
1.4894755061948226e-05
8.911650644583204e-05
0.0010054419763711033
2.9271739677050433e-06
0.0007853216313151488
2.5960670984395753e-05
1.4824107555343333e-05
0.0004870064137216337
0.0013563443317574564
1.5419845300275612e-06
1.120617392246864e-05
0.00014568346816052057
0.00032116525945152834
3.977948949017673e-06
3.1794863579879726e-06
4.5268031340302153e-05
3.274630998073443e-06
2.1248516286672926e-05
0.0005701684552640682
5.779175081920754e-05
6.103174355466686e-05
1.841617141614956e-07
2.2236118128991776e-05
4.610614466737147e-05
0.0008731129074895575
6.68777545456025e-06
0.0006477642194028298
6.320582031950019e-06
0.0001165855060965353
4.461265213560519e-05
9.458963807587382e-05
0.0004252256827150407
4.464448072610709e-05
0.0001153696493236343
0.0005679582762014851
7.4797640714626025e-06
5.799810081118167e-06
0.00014186379396704531
0.0001638317714104458
7.63352190231274e-05
0.0004936697801703264
5.60080217764664e-06
6.005665695344558e-05
1.4250385673886515e-06
3.496208979154269e-05
3.3035264604856943e-06
5.903059726665981e-07
5.382471983866809e-06
4.248652086084038e-05
0.0008526098465567964
0.0002621185152545311
0.00017338069367322598
0.0001831690652536865
2.7383473931202438e-05
0.00014138473220346527
8.345322314776295e-05
6.143848672170814e-06
3.337626739322429e-07
7.519799752735612e-05
0.00020887822061381505
1.9128633395753616e-06
6.746406738124981e-05
5.383991020451142e-05
0.0001634530933675487
9.338953941135734e-06
0.0002122734598481228
9.177364918454791e-07
3.4126534554200582e-06
5.304009405267157e-06
4.827398206160928e-05
0.0002135197315922741
7.94639170610548e-06
6.331983227877267e-05
0.00016191801264529528
0.0003949876525309177
2.5789391747246238e-05
0.0010174822167804205
8.157145467442742e-06
2.5950988320837798e-05
3.8269900247597926e-05
2.9262746744956515e-05
5.876127187475496e-07
0.0002781541378459671
0.00020360619432335114
1.43678214330388e-05
2.1706334044363363e-05
0.0002099788999236434
5.023803842488266e-06
0.00019699333168403762
4.262165739565776e-05
3.5524120961841343e-06
8.79024661275331e-05
1.5340251634934314e-05
5.5370032495803395e-06