2.957074174511999942e+01
3.000592681106000015e+01
3.000406827215000050e+01
3.001509694749000090e+01
3.000807463430000155e+01
3.001186406720999855e+01
3.001566609344000014e+01
3.001031717530999998e+01
3.000223377932999824e+01
3.000050493895000159e+01
3.000062271094000010e+01
3.000333610414000063e+01
3.000935265249999873e+01
3.000838129379999941e+01
3.001291486727999924e+01
3.001519004760000087e+01
3.003215297020999941e+01
3.000834866207999951e+01
3.001960565270999837e+01
3.001349540440000041e+01
3.000449915844999893e+01
3.000194546486000036e+01
3.002440993363000032e+01
3.009162005430000164e+01
3.014101003955000024e+01
3.008375883116000082e+01
3.004789343583000161e+01
3.003601329598999925e+01
3.002230145475000000e+01
3.003739708029999989e+01
3.007451918531999979e+01
3.005926498356999943e+01
3.008659308850999992e+01
3.004283376301999908e+01
3.011988650913999876e+01
3.011990659828000005e+01
3.022749787823000034e+01
3.027326838537999976e+01
3.022307220900000146e+01
3.016140861088999969e+01
3.039690249574000092e+01
3.024508536861999985e+01
3.009645523489000141e+01
3.002858888420999861e+01
3.000920619604000095e+01
3.003628539805999864e+01
3.002824952651999979e+01
3.003927583764000175e+01
3.010612413811999843e+01
3.022132405009000067e+01
3.025840523833999995e+01
3.024758307671000068e+01
3.015698461580999989e+01
3.017786780728999929e+01
3.034543482341999976e+01
3.013086399914000069e+01
3.003765377287000149e+01
3.005269179513999944e+01
3.001815787880000030e+01
3.007026188390999977e+01
3.014231985150000170e+01
3.009303204340000093e+01
3.006675667022999932e+01
3.010103664464000062e+01
3.006512353811000082e+01
3.003238644586999939e+01
3.001353494526999910e+01
3.002109784246000146e+01
3.007069381081999992e+01
3.003132262639000061e+01
3.002053169911999930e+01
3.004520557677999903e+01
3.010687340085999963e+01
3.004908174926000086e+01
3.014323586065999905e+01
3.012508884606999970e+01
3.005759279163000031e+01
3.001546345653000003e+01
3.001034879751999895e+01
3.007769372622000148e+01
3.001486600205999977e+01
3.000171521021000132e+01
3.000514337342000104e+01
3.000384961378999904e+01
3.006682357712999831e+01
3.012062011805999973e+01
3.004279010683999829e+01
3.008434230737999826e+01
3.006479816890000123e+01
3.006663234362000026e+01
3.000877492193000151e+01
3.000152302109999880e+01
3.000248519851000140e+01
3.003011918685999859e+01
3.016062220635999935e+01
3.041352277182999941e+01
3.020516240063999902e+01
3.011994336508000103e+01
3.025954712081000153e+01
3.029927584577000133e+01
3.011961782558000067e+01
3.015005310652000148e+01
3.008062332680999873e+01
3.003305527390000051e+01
3.000916389472000034e+01
3.000481549194000053e+01
3.003975581499999947e+01
3.012621120376000050e+01
3.025754833126000065e+01
3.020392555999000095e+01
3.027724009591999987e+01
3.029671710086000047e+01
3.021810826745999989e+01
3.006915059125000056e+01
3.004646609115999922e+01
3.001880863983999959e+01
3.002583829634000168e+01
3.003639652580000075e+01
3.005727460081000046e+01
3.010658426654000053e+01
3.009832752676999945e+01
3.029671666265999974e+01
3.020247605787999845e+01
3.060775676964000169e+01
3.035000339243000056e+01
3.012260026702000104e+01
3.005537437867999984e+01
3.001588977192999863e+01
3.000986346700999974e+01
3.005219560784000166e+01
3.008834413873999836e+01
3.016869302219999938e+01
3.022339555666999900e+01
3.019666855651000148e+01
3.019598552488000109e+01
3.031424410972000061e+01
3.012590806362999984e+01
3.011369537672999996e+01
3.003983309163000115e+01
3.001098914481000079e+01
3.022834885222000167e+01
3.033631668598000175e+01
3.050413443987000051e+01
3.059698945930999869e+01
3.047650467901999960e+01
3.037147551702999948e+01
3.011801264861999883e+01
3.014363999368000080e+01
3.003556883179999915e+01
3.002415105433000164e+01
3.000694305070999945e+01
3.000694164511000039e+01
3.000457330082999974e+01
3.000114776974000108e+01
3.002410850078999971e+01
3.002733517985999967e+01
3.008569997929999928e+01
3.034712777526999972e+01
3.023085148239999853e+01
3.009936725340000052e+01
3.006975671496000047e+01
3.006558261003999988e+01
3.003324421579999992e+01
3.000629424657000044e+01
3.000398437671999829e+01
3.000281002912999995e+01
3.003013440061999972e+01
3.005512067091000006e+01
3.007428997966999873e+01
3.013946595863999889e+01
3.012844191442999886e+01
3.020788254065999823e+01
3.029840649675000108e+01
3.016846525651000022e+01
3.004457738585000115e+01
3.004019876142999834e+01
3.006795971461000150e+01
3.012383582417999861e+01
3.012170480212000001e+01
3.004795728068999949e+01
3.005550581508000008e+01
3.002813540717999885e+01
3.013674668635000131e+01
3.033329811325999970e+01
3.039086862889000074e+01
3.012974023382999889e+01
3.006726684478000067e+01
3.000808971424000049e+01
3.005479486710000003e+01
3.007072038981999995e+01
3.002259470974999900e+01
3.000589434257999955e+01
3.001868865550000010e+01
3.005026776165000157e+01
3.016888447144999930e+01
3.015483395098999964e+01
3.004048118420000080e+01
3.004462741038999951e+01
3.015699340169999942e+01
3.012243847454000090e+01
3.007369262039999924e+01
3.004287694194999858e+01
3.001680448148999858e+01
3.008104884008000113e+01
3.017536316010000164e+01
3.027128351618999957e+01
3.009729231908999836e+01
3.017443148642999873e+01
3.018491098375999826e+01
3.010751789979000037e+01
3.001772925662000091e+01
3.002689007152000045e+01
3.002207511989000110e+01
3.001075000191000086e+01
3.000712895666000080e+01
3.002785981151000172e+01
3.010266136762000144e+01
3.009266629073000132e+01
3.009697810064000123e+01
3.022919505517999994e+01
3.008923767742000166e+01
3.003913410016999919e+01
3.002188863757000092e+01
3.001983802255000100e+01
3.000713860319000048e+01
3.000094389191999866e+01
3.001305520434999963e+01
3.005676072015999978e+01
3.017194509632999910e+01
3.014501008328999987e+01
3.015523485998999931e+01
3.019791031192999853e+01
3.006242239120999926e+01
3.008679579381999858e+01
3.008718938959999889e+01
3.002391732071000163e+01
3.007228214272999978e+01
3.009521050337000148e+01
3.007883127307999871e+01
3.011343988008999872e+01
3.031241747494999927e+01
3.046989491018999985e+01
3.013830412593999952e+01
3.005685881439000084e+01
3.002988286400999840e+01
3.000532380454999881e+01
3.000103208843999880e+01
3.010256153901000076e+01
3.009136658014000076e+01
3.001927623583999960e+01
3.000677870467999853e+01
3.000164342741999945e+01
3.006793708746999982e+01
3.024454540717999862e+01
3.013989419970999961e+01
3.006387710963999993e+01
3.004868701324999947e+01
3.001471336819999891e+01
3.001473088360999952e+01
3.003609817462000109e+01
3.001285380798999824e+01
3.000504021384999831e+01
3.000884849179000113e+01
3.011787991026000100e+01
3.029102612904999958e+01
3.022147723048000145e+01
3.029048775436000085e+01
3.020613235800000140e+01
3.021769833185999943e+01
3.013455306366000030e+01
3.024675934197999894e+01
3.003861333696999836e+01
3.001838444607999890e+01
3.002203553121000112e+01
3.004415934429999879e+01
3.014720987559000065e+01
3.007201371848000093e+01
