2018-08-21 22:39:43.711270 scipyfftnormt 0.1007074926688372 0.0033569164222945736 0.11233368442015602 0.8965030675230596 3.021224780065116e-07 371815.0505098628 nan nan nan nan nan nan no_path_givenno_path_given no_obs_given
2018-08-21 22:40:14.587778 scipyfftnormt 0.1007074926688372 0.0033569164222945736 0.11233368442015602 0.8965030675230596 3.021224780065116e-07 371815.0505098628 nan nan nan nan nan nan no_path_givenno_path_given no_obs_given
2018-08-21 22:42:33.036667 scipyfftnormt 4.161094335859885e-07 1.3870314452866283e-08 1.0834055428672125e-10 3840.7541508857585 1.2483283007579654e-12 86.78851085963409 nan nan nan nan nan nan no_path_givenno_path_given no_obs_given
2018-08-21 22:45:42.797788 scipyfftnormt 4.161094335859885e-07 1.3870314452866283e-08 1.0834055428672125e-10 3840.7541508857585 1.2483283007579654e-12 86.78851085963409 nan nan nan nan nan nan no_path_givenno_path_given no_obs_given
2018-08-21 22:49:56.434249 scipyfftnormt 0.006198968840532306 0.0002066322946844102 0.009302314686334766 0.6663899308457798 1.8596906521596918e-08 500207.63805699744 nan nan nan nan nan nan no_path_givenno_path_given no_obs_given
2018-08-22 14:43:06.332747 scipyfftnormt 0.10032211662901053 0.003344070554300351 0.0009080165554580174 3.6828299376254776 3.009663498870316e-07 90510.10743880604 0.007492769200533108 0.0002497589733511036 0.0009080165554580174 3.5109953720977347 2.497589733511036e-07 284819.51527111366 no_path_givenno_path_given no_obs_given
2018-08-22 14:43:16.433234 scipyfftnormt 0.10032211662901053 0.003344070554300351 0.0009080165554580174 3.6828299376254776 3.009663498870316e-07 90510.10743880604 0.007492769200533108 0.0002497589733511036 0.0009080165554580174 3.5109953720977347 2.497589733511036e-07 284819.51527111366 no_path_givenno_path_given no_obs_given
2018-08-22 15:01:35.817356 pyplotwelch 0.10038410142841699 0.003346136714280566 0.0011614127321443758 2.8810918131596703 3.0115230428525096e-07 115696.879846314 0.007682691746449713 0.0002560897248816571 0.0011614127321443758 2.368504034744707 2.5608972488165713e-07 422207.4293860287 no_path_givenno_path_given no_obs_given
2018-08-22 15:03:41.503740 pyplotwelch 0.10038410142236893 0.0033461367140789644 -1.344227701547524e-08 -248926.33221490448 3.011523042671068e-07 -1.3390842598586883 2.2427227976328052e-07 7.475742658776017e-09 -1.344227701547524e-08 1.812340376927128e-05 7.475742658776017e-12 55177273139.80209 no_path_givenno_path_given no_obs_given
2018-08-22 15:05:15.966999 pyplotwelch 0.10038410142841699 0.003346136714280566 0.0011614127321443758 2.8810918131596703 3.0115230428525096e-07 115696.879846314 0.007682691746449713 0.0002560897248816571 0.0011614127321443758 2.368504034744707 2.5608972488165713e-07 422207.4293860287 no_path_givenno_path_given no_obs_given
2018-08-22 15:23:22.734918 pyplotwelch 0.0011538022763202915 3.846007587734305e-05 0.00021829007311571823 0.17618792888009568 3.4614068289608747e-09 1891919.2447070684 nan nan 0.00021829007311571823 nan nan nan no_path_givenno_path_given no_obs_given
2018-08-22 15:24:25.696974 pyplotwelch 0.001016555241469365 3.38851747156455e-05 0.0002822187182365493 0.12006707041750404 3.049665724408095e-09 2776226.0890871054 nan nan 0.0002822187182365493 nan nan nan no_path_givenno_path_given no_obs_given
2018-08-22 15:25:35.153152 scipyfft 0.0010001241566479572 3.333747188826524e-05 0.00028084361400859144 0.11870475319850213 3.0003724699438713e-09 2808087.4973550723 nan nan 0.00028084361400859144 nan nan nan no_path_givenno_path_given no_obs_given
2018-08-22 15:28:32.824188 pyplotwelch 0.001016555241469365 3.38851747156455e-05 0.0002822187182365493 0.12006707041750404 3.049665724408095e-09 2776226.0890871054 nan nan 0.0002822187182365493 nan nan nan no_path_givenno_path_given no_obs_given
2018-08-22 15:30:06.169499 scipyfft 0.0010001241566479572 3.333747188826524e-05 0.00028084361400859144 0.11870475319850213 3.0003724699438713e-09 2808087.4973550723 nan nan 0.00028084361400859144 nan nan nan no_path_givenno_path_given no_obs_given
2018-08-22 15:31:14.658104 scipyfft 0.0010001241566479572 3.333747188826524e-05 0.00028084361400859144 0.11870475319850213 3.0003724699438713e-09 2808087.4973550723 7.478394651936037e-05 2.4927982173120125e-06 0.00028084361400859144 0.08925940313637694 2.4927982173120123e-09 11203301.443458322 no_path_givenno_path_given no_obs_given
2018-08-22 15:31:53.971231 scipyfft 0.0010001241566479572 3.333747188826524e-05 0.00028084361400859144 0.11870475319850213 3.0003724699438713e-09 2808087.4973550723 7.46987198591403e-05 2.48995732863801e-06 0.00028084361400859144 0.09003549242873601 2.4899573286380097e-09 11106731.057105174 no_path_givenno_path_given no_obs_given
2018-08-22 15:32:00.427526 scipyfft 0.0010001241566479572 3.333747188826524e-05 0.00028084361400859144 0.11870475319850213 3.0003724699438713e-09 2808087.4973550723 7.469770308074975e-05 2.4899234360249917e-06 0.00028084361400859144 0.08998361224873248 2.4899234360249915e-09 11113134.658739887 no_path_givenno_path_given no_obs_given
2018-08-22 15:32:05.252140 scipyfft 0.0010001241566479572 3.333747188826524e-05 0.00028084361400859144 0.11870475319850213 3.0003724699438713e-09 2808087.4973550723 7.469769292494082e-05 2.4899230974980273e-06 0.00028084361400859144 0.08998309365757531 2.4899230974980274e-09 11113198.70603064 no_path_givenno_path_given no_obs_given
2018-08-22 15:32:13.378559 scipyfft 0.0010001241566479572 3.333747188826524e-05 0.00028084361400859144 0.11870475319850213 3.0003724699438713e-09 2808087.4973550723 0.00012535604561239165 4.1785348537463885e-06 0.00028084361400859144 0.18627480500206794 4.178534853746388e-09 5368412.545050837 no_path_givenno_path_given no_obs_given
2018-08-22 15:32:23.314641 scipyfft 0.0010001241566479572 3.333747188826524e-05 0.00028084361400859144 0.11870475319850213 3.0003724699438713e-09 2808087.4973550723 0.00012352292490131205 4.117430830043735e-06 0.00028084361400859144 0.18199659096894527 4.117430830043735e-09 5494608.413685252 no_path_givenno_path_given no_obs_given
2018-08-22 15:32:29.916817 scipyfft 0.0010001241566479572 3.333747188826524e-05 0.00028084361400859144 0.11870475319850213 3.0003724699438713e-09 2808087.4973550723 7.683608458626413e-05 2.561202819542138e-06 0.00028084361400859144 0.08224522732360194 2.561202819542138e-09 12158760.2410703 no_path_givenno_path_given no_obs_given
2018-08-22 15:47:45.342826 scipyfft 0.0010001241567324036 3.3337471891080115e-05 0.0017645924687247224 0.018892448246236274 3.0003724701972103e-09 17643734.098874114 7.683608458626413e-05 2.561202819542138e-06 0.0017645924687247224 0.08224522732360194 2.561202819542138e-09 12158760.2410703 no_path_givenno_path_given no_obs_given
2018-08-22 15:53:57.068895 scipyfft 0.0010001241567324036 3.3337471891080115e-05 0.0017645924687247224 0.018892448246236274 3.0003724701972103e-09 17643734.098874114 7.683608458626413e-05 2.561202819542138e-06 0.0017645924687247224 0.08224522732360194 2.561202819542138e-09 12158760.2410703 no_path_givenno_path_given no_obs_given
2018-08-22 15:54:17.079474 scipyfft 0.0010001241567324036 3.3337471891080115e-05 0.0017645924687247224 0.018892448246236274 3.0003724701972103e-09 17643734.098874114 7.683608458626413e-05 2.561202819542138e-06 0.0017645924687247224 0.08224522732360194 2.561202819542138e-09 12158760.2410703 no_path_givenno_path_given no_obs_given
2018-08-22 15:54:31.800842 scipyfft 0.0010001241567324036 3.3337471891080115e-05 0.0017645924687247224 0.018892448246236274 3.0003724701972103e-09 17643734.098874114 7.478394651936037e-05 2.4927982173120125e-06 0.0017645924687247224 0.08925940313637694 2.4927982173120123e-09 11203301.443458322 no_path_givenno_path_given no_obs_given
2018-08-22 15:54:53.075859 pyplotwelch 0.0010165552415253428 3.3885174717511426e-05 0.0017732325036348042 0.01910926776271751 3.0496657245760287e-09 17443542.969431408 8.889278442286568e-05 2.963092814095523e-06 0.0017732325036348042 0.10276647620675247 2.963092814095523e-09 9730799.74045362 no_path_givenno_path_given no_obs_given
2018-08-22 15:55:06.967800 pyplotwelch 0.001016555241469365 3.38851747156455e-05 0.0002822187182365493 0.12006707041750404 3.049665724408095e-09 2776226.0890871054 7.75577731527099e-05 2.58525910509033e-06 0.0002822187182365493 0.07712350535574322 2.58525910509033e-09 12966215.622427385 no_path_givenno_path_given no_obs_given
2018-08-22 21:04:08.992489 pyplotwelch 0.001016555241469365 3.38851747156455e-05 0.0002822187182365493 0.12006707041750404 3.049665724408095e-09 2776226.0890871054 7.75577731527099e-05 2.58525910509033e-06 0.0002822187182365493 0.07712350535574322 2.58525910509033e-09 12966215.622427385 no_path_givenno_path_given no_obs_given
2018-08-22 21:04:28.131733 scipyfft 0.0010001241566479572 3.333747188826524e-05 0.00028084361400859144 0.11870475319850213 3.0003724699438713e-09 2808087.4973550723 7.478431207060691e-05 2.4928104023535637e-06 0.00028084361400859144 0.08921623223655553 2.4928104023535637e-09 11208722.61617723 no_path_givenno_path_given no_obs_given
2018-08-22 21:05:02.526614 scipyfft 0.0010001241566479572 3.333747188826524e-05 0.00028084361400859144 0.11870475319850213 3.0003724699438713e-09 2808087.4973550723 7.478431207060691e-05 2.4928104023535637e-06 0.00028084361400859144 0.08921623223655553 2.4928104023535637e-09 11208722.61617723 no_path_givenno_path_given no_obs_given
2018-08-22 21:12:12.210396 pyplotwelch 0.001016555241469365 3.38851747156455e-05 0.0002822187182365493 0.12006707041750404 3.049665724408095e-09 2776226.0890871054 7.75577731527099e-05 2.58525910509033e-06 0.0002822187182365493 0.07712350535574322 2.58525910509033e-09 12966215.622427385 no_path_givenno_path_given no_obs_given
2018-08-22 21:56:01.570155 pyplotwelch 0.001016555241469365 3.38851747156455e-05 0.0002822187182365493 0.12006707041750404 3.049665724408095e-09 2776226.0890871054 7.763959706349281e-05 2.587986568783094e-06 0.0002822187182365493 0.07768822677222485 2.5879865687830938e-09 12871963.25038945 no_path_givenno_path_given no_obs_given
2018-08-22 21:56:11.001750 scipyfft 0.0010001241566479572 3.333747188826524e-05 0.00028084361400859144 0.11870475319850213 3.0003724699438713e-09 2808087.4973550723 7.47869537545121e-05 2.4928984584837367e-06 0.00028084361400859144 0.08933771952663556 2.4928984584837367e-09 11193480.260058073 no_path_givenno_path_given no_obs_given
2018-08-22 21:57:22.964625 scipyfft 0.0010001241566479572 3.333747188826524e-05 0.00028084361400859144 0.11870475319850213 3.0003724699438713e-09 2808087.4973550723 7.47869537545121e-05 2.4928984584837367e-06 2.790420968536691e-05 0.08933771952663556 2.4928984584837367e-09 11193480.260058073 no_path_givenno_path_given no_obs_given
2018-08-22 22:14:32.075989 pyplotwelch 0.001016555241469365 3.38851747156455e-05 0.0002822187182365493 0.12006707041750404 3.049665724408095e-09 2776226.0890871054 7.763959706349281e-05 2.587986568783094e-06 3.331246800587747e-05 0.07768822677222485 2.5879865687830938e-09 12871963.25038945 no_path_givenno_path_given no_obs_given
2018-08-22 22:15:08.438323 pyplotwelch 3.100153657194614e-12 1.0333845523982047e-13 -8.606727565150766e-13 -0.12006706899640347 9.300460971583843e-18 -2776226.1219462105 7.763959706349281e-05 2.587986568783094e-06 3.331246800587747e-05 0.07768822677222485 2.5879865687830938e-09 12871963.25038945 no_path_givenno_path_given no_obs_given
2018-08-22 22:15:51.107560 pyplotwelch 0.0010165552415253428 3.3885174717511426e-05 0.0017732325036348042 0.01910926776271751 3.0496657245760287e-09 17443542.969431408 7.763959706349281e-05 2.587986568783094e-06 3.331246800587747e-05 0.07768822677222485 2.5879865687830938e-09 12871963.25038945 no_path_givenno_path_given no_obs_given
2018-08-22 22:17:02.388201 pyplotwelch 3.1001536963549196e-12 1.0333845654516398e-13 -5.407766360284086e-12 -0.019109267978754785 9.30046108906476e-18 -17443542.772225767 7.763959706349281e-05 2.587986568783094e-06 3.331246800587747e-05 0.07768822677222485 2.5879865687830938e-09 12871963.25038945 no_path_givenno_path_given no_obs_given
2018-08-22 22:17:32.861671 pyplotwelch 3.100153657194614e-12 1.0333845523982047e-13 -8.606727565150766e-13 -0.12006706899640347 9.300460971583843e-18 -2776226.1219462105 7.763959706349281e-05 2.587986568783094e-06 3.331246800587747e-05 0.07768822677222485 2.5879865687830938e-09 12871963.25038945 no_path_givenno_path_given no_obs_given
2018-08-22 22:18:21.695053 pyplotwelch 0.001016555241469365 3.38851747156455e-05 0.0002822187182365493 0.12006707041750404 3.049665724408095e-09 2776226.0890871054 7.763959706349281e-05 2.587986568783094e-06 3.331246800587747e-05 0.07768822677222485 2.5879865687830938e-09 12871963.25038945 no_path_givenno_path_given no_obs_given
2018-08-22 22:18:54.803258 pyplotwelch 0.001016555241469365 3.38851747156455e-05 0.0002822187182365493 0.12006707041750404 3.049665724408095e-09 2776226.0890871054 nan nan nan nan nan nan no_path_givenno_path_given no_obs_given
2018-08-22 22:21:14.528703 pyplotwelch 0.001016555241469365 3.38851747156455e-05 0.0002822187182365493 0.12006707041750404 3.049665724408095e-09 2776226.0890871054 nan nan nan nan nan nan no_path_givenno_path_given no_obs_given
2018-08-22 22:22:08.027898 pyplotwelch 0.001016555241469365 3.38851747156455e-05 0.0002822187182365493 0.12006707041750404 3.049665724408095e-09 2776226.0890871054 9.1491e-05 3.0497e-06 8.46657714e-06 0.360204596211 3.0497e-09 2776200.0 no_path_givenno_path_given no_obs_given
2018-08-22 22:22:22.946060 pyplotwelch 0.001016555241469365 3.38851747156455e-05 0.0002822187182365493 0.12006707041750404 3.049665724408095e-09 2776226.0890871054 7.763959706349281e-05 2.587986568783094e-06 3.331246800587747e-05 0.07768822677222485 2.5879865687830938e-09 12871963.25038945 no_path_givenno_path_given no_obs_given
2018-08-22 22:22:28.175249 pyplotwelch 0.001016555241469365 3.38851747156455e-05 0.0002822187182365493 0.12006707041750404 3.049665724408095e-09 2776226.0890871054 9.1491e-05 3.0497e-06 8.46657714e-06 0.360204596211 3.0497e-09 2776200.0 no_path_givenno_path_given no_obs_given
2018-08-22 22:22:53.263177 pyplotwelch 0.001016555241469365 3.38851747156455e-05 0.0002822187182365493 0.12006707041750404 3.049665724408095e-09 2776226.0890871054 9.1491e-05 3.0497e-06 8.46657714e-05 0.0360204596211 3.0497e-09 27762000.0 no_path_givenno_path_given no_obs_given
2018-08-22 22:23:02.667462 pyplotwelch 0.001016555241469365 3.38851747156455e-05 0.0002822187182365493 0.12006707041750404 3.049665724408095e-09 2776226.0890871054 9.1491e-05 3.0497e-06 3.35467e-11 90909.0909091 3.0497e-09 11 no_path_givenno_path_given no_obs_given
2018-08-22 22:23:17.013711 pyplotwelch 0.001016555241469365 3.38851747156455e-05 0.0002822187182365493 0.12006707041750404 3.049665724408095e-09 2776226.0890871054 9.1491e-05 3.0497e-06 9.1491e-06 0.333333333333 3.0497e-09 3000000.0 no_path_givenno_path_given no_obs_given
2018-08-22 22:23:22.820262 pyplotwelch 0.001016555241469365 3.38851747156455e-05 0.0002822187182365493 0.12006707041750404 3.049665724408095e-09 2776226.0890871054 9.1491e-05 3.0497e-06 1.21988e-05 0.25 3.0497e-09 4000000.0 no_path_givenno_path_given no_obs_given
2018-08-22 22:23:27.955547 pyplotwelch 0.001016555241469365 3.38851747156455e-05 0.0002822187182365493 0.12006707041750404 3.049665724408095e-09 2776226.0890871054 9.1491e-05 3.0497e-06 1.52485e-05 0.2 3.0497e-09 5000000.0 no_path_givenno_path_given no_obs_given
2018-08-22 22:23:34.227644 pyplotwelch 0.001016555241469365 3.38851747156455e-05 0.0002822187182365493 0.12006707041750404 3.049665724408095e-09 2776226.0890871054 9.1491e-05 3.0497e-06 2.13479e-05 0.142857142857 3.0497e-09 7000000.0 no_path_givenno_path_given no_obs_given
2018-08-22 22:23:40.178097 pyplotwelch 0.001016555241469365 3.38851747156455e-05 0.0002822187182365493 0.12006707041750404 3.049665724408095e-09 2776226.0890871054 9.1491e-05 3.0497e-06 2.43976e-05 0.125 3.0497e-09 8000000.0 no_path_givenno_path_given no_obs_given
2018-08-22 22:23:45.282759 pyplotwelch 0.001016555241469365 3.38851747156455e-05 0.0002822187182365493 0.12006707041750404 3.049665724408095e-09 2776226.0890871054 9.1491e-05 3.0497e-06 2.13479e-05 0.142857142857 3.0497e-09 7000000.0 no_path_givenno_path_given no_obs_given
2018-08-22 22:32:57.304023 pyplotwelch 77.14698379130243 2.5715661263767475 196.1418009171048 0.013110750050997879 0.0002314409513739073 25424428.96376953 9.1491e-05 3.0497e-06 2.13479e-05 0.142857142857 3.0497e-09 7000000.0 no_path_givenno_path_given no_obs_given
2018-08-22 22:33:32.123615 pyplotwelch 77.14698379130243 2.5715661263767475 196.1418009171048 0.013110750050997879 0.0002314409513739073 25424428.96376953 7.569303034981775 0.2523101011660592 17.030601992707204 0.014815101737102581 0.0002523101011660592 67498692.73564449 no_path_givenno_path_given no_obs_given
2018-08-22 22:34:27.447116 pyplotwelch 27528147047.562454 917604901.5854151 58592058849.21067 0.015660908997018063 82584.44114268736 21284417.99877658 2427488699.4290876 80916289.9809696 5408985818.070858 0.014959604758185295 80916.2899809696 66846685.869346924 no_path_givenno_path_given no_obs_given
2018-08-22 22:35:10.131249 scipyfft 0.0010001241566479572 3.333747188826524e-05 0.00028084361400859144 0.11870475319850213 3.0003724699438713e-09 2808087.4973550723 7.47869537545121e-05 2.4928984584837367e-06 2.790420968536691e-05 0.08933771952663556 2.4928984584837367e-09 11193480.260058073 no_path_givenno_path_given no_obs_given
2018-08-22 22:36:08.414249 scipyfft 335.2860344535693 11.17620114845231 903.3244092362942 0.01237230061999665 0.001005858103360708 26941903.819778312 26.87168730974998 0.8957229103249993 85.15993213618414 0.010518126163987512 0.0008957229103249994 95073968.91889833 no_path_givenno_path_given no_obs_given
2018-08-22 22:36:22.216391 scipyfft 111989675747.86665 3732989191.5955553 294543820236.8941 0.012673799058466774 335969.0272436 26300979.82425 8949760950.844273 298325365.0281424 27677903402.53532 0.010778466876245242 298325.3650281424 92777573.23761033 no_path_givenno_path_given no_obs_given
2018-08-22 22:38:16.689914 scipyfft 0.0010001241566479572 3.333747188826524e-05 0.00028084361400859144 0.11870475319850213 3.0003724699438713e-09 2808087.4973550723 7.47869537545121e-05 2.4928984584837367e-06 2.790420968536691e-05 0.08933771952663556 2.4928984584837367e-09 11193480.260058073 no_path_givenno_path_given no_obs_given
2018-08-22 22:38:37.172289 scipyfft 0.0010001241566479572 3.333747188826524e-05 0.00028084361400859144 0.11870475319850213 3.0003724699438713e-09 2808087.4973550723 9.1491e-05 3.0497e-06 2.13479e-05 0.142857142857 3.0497e-09 7000000.0 no_path_givenno_path_given no_obs_given
2018-08-22 22:39:50.512742 scipyfft 0.0010079888657478866 3.359962885826289e-05 -0.0002703442661810171 -0.12428459953267604 3.0239665972436597e-09 -2682016.392913554 9.1491e-05 3.0497e-06 2.13479e-05 0.142857142857 3.0497e-09 7000000.0 no_path_givenno_path_given no_obs_given
2018-08-22 22:40:20.527218 scipyfft 0.0010079888657478866 3.359962885826289e-05 -0.0002703442661810171 -0.12428459953267604 3.0239665972436597e-09 -2682016.392913554 9.1491e-05 3.0497e-06 2.13479e-05 0.142857142857 3.0497e-09 7000000.0 no_path_givenno_path_given no_obs_given
2018-08-22 22:42:40.335146 scipyfft 0.0010079888657478866 3.359962885826289e-05 0.0002703442661810171 0.12428459953267604 3.0239665972436597e-09 2682016.392913554 9.1491e-05 3.0497e-06 2.13479e-05 0.142857142857 3.0497e-09 7000000.0 no_path_givenno_path_given no_obs_given
2018-08-22 22:43:03.306478 pyplotwelch 0.0010167062750206896 3.389020916735632e-05 0.0002820332161036603 0.12016389287600825 3.050118825062069e-09 2773989.1356323245 9.1491e-05 3.0497e-06 2.13479e-05 0.142857142857 3.0497e-09 7000000.0 no_path_givenno_path_given no_obs_given
2018-08-22 22:43:30.995814 pyplotwelch 0.0010167062750206896 3.389020916735632e-05 0.0002820332161036603 0.12016389287600825 3.050118825062069e-09 2773989.1356323245 9.1491e-05 3.0497e-06 2.13479e-05 0.142857142857 3.0497e-09 7000000.0 no_path_givenno_path_given no_obs_given
2018-08-22 22:43:43.021719 scipyfft 0.0010079888657478866 3.359962885826289e-05 0.0002703442661810171 0.12428459953267604 3.0239665972436597e-09 2682016.392913554 9.1491e-05 3.0497e-06 2.13479e-05 0.142857142857 3.0497e-09 7000000.0 no_path_givenno_path_given no_obs_given
2018-08-22 22:46:06.855923 scipyfft 0.0010079888657478866 3.359962885826289e-05 0.0002703442661810171 0.12428459953267604 3.0239665972436597e-09 2682016.392913554 9.1491e-05 3.0497e-06 2.13479e-05 0.142857142857 3.0497e-09 7000000.0 no_path_givenno_path_given no_obs_given
2018-08-22 23:36:38.577759 scipyfft2 0.0010079888657478866 3.359962885826289e-05 0.0002703442661810171 0.12428459953267604 3.0239665972436597e-09 2682016.392913554 7.481626397644118e-05 2.4938754658813727e-06 2.6330013652295183e-05 0.09471607188718575 2.493875465881373e-09 10557870.275607273 no_path_givenno_path_given no_obs_given
2018-08-22 23:37:57.244649 scipyfft2 0.0010079888657478866 3.359962885826289e-05 0.0002703442661810171 0.12428459953267604 3.0239665972436597e-09 2682016.392913554 7.481626397644118e-05 2.4938754658813727e-06 2.6330013652295183e-05 0.09471607188718575 2.493875465881373e-09 10557870.275607273 no_path_givenno_path_given no_obs_given
2018-08-22 23:38:55.416083 scipyfft2 0.0008313 2.771e-05 0.00087768654 0.0315716360422 2.4939e-09 10558000.0 7.481626397644118e-05 2.4938754658813727e-06 2.6330013652295183e-05 0.09471607188718575 2.493875465881373e-09 10557870.275607273 no_path_givenno_path_given no_obs_given
2018-08-22 23:39:35.952145 scipyfft2 0.001008 3.36e-05 0.0002703456 0.124285359185 3.024e-09 2682000.0 7.481626397644118e-05 2.4938754658813727e-06 2.6330013652295183e-05 0.09471607188718575 2.493875465881373e-09 10557870.275607273 no_path_givenno_path_given no_obs_given
2018-08-22 23:41:01.290079 scipyfft2 0.001008 3.36e-05 0.0002703456 0.124285359185 3.024e-09 2682000.0 7.481626397644118e-05 2.4938754658813727e-06 2.6330013652295183e-05 0.09471607188718575 2.493875465881373e-09 10557870.275607273 no_path_givenno_path_given no_obs_given
2018-08-22 23:41:13.669430 scipyfft2 0.001008 3.36e-05 0.0003711456 0.0905305087815 3.024e-09 3682000.0 7.481626397644118e-05 2.4938754658813727e-06 2.6330013652295183e-05 0.09471607188718575 2.493875465881373e-09 10557870.275607273 no_path_givenno_path_given no_obs_given
2018-08-22 23:41:23.356463 scipyfft2 0.001008 3.36e-05 0.0001695456 0.198176773682 3.024e-09 1682000.0 7.481626397644118e-05 2.4938754658813727e-06 2.6330013652295183e-05 0.09471607188718575 2.493875465881373e-09 10557870.275607273 no_path_givenno_path_given no_obs_given
2018-08-22 23:41:41.864226 scipyfft2 0.001008 3.36e-05 1.695456e-05 1.98176773682 3.024e-09 168200.0 7.481626397644118e-05 2.4938754658813727e-06 2.6330013652295183e-05 0.09471607188718575 2.493875465881373e-09 10557870.275607273 no_path_givenno_path_given no_obs_given
2018-08-22 23:42:02.898871 scipyfft2 0.001008 3.36e-05 5.04e-05 0.666666666667 3.024e-09 500000.0 7.481626397644118e-05 2.4938754658813727e-06 2.6330013652295183e-05 0.09471607188718575 2.493875465881373e-09 10557870.275607273 no_path_givenno_path_given no_obs_given
2018-08-22 23:42:14.242273 scipyfft2 0.001008 3.36e-05 9.072e-05 0.37037037037 3.024e-09 900000.0 7.481626397644118e-05 2.4938754658813727e-06 2.6330013652295183e-05 0.09471607188718575 2.493875465881373e-09 10557870.275607273 no_path_givenno_path_given no_obs_given
2018-08-22 23:42:23.608590 scipyfft2 0.001008 3.36e-05 1.008e-05 3.33333333333 3.024e-09 100000.0 7.481626397644118e-05 2.4938754658813727e-06 2.6330013652295183e-05 0.09471607188718575 2.493875465881373e-09 10557870.275607273 no_path_givenno_path_given no_obs_given
2018-08-22 23:42:30.290248 scipyfft2 0.001008 3.36e-05 2.016e-05 1.66666666667 3.024e-09 200000.0 7.481626397644118e-05 2.4938754658813727e-06 2.6330013652295183e-05 0.09471607188718575 2.493875465881373e-09 10557870.275607273 no_path_givenno_path_given no_obs_given
2018-08-22 23:42:58.110569 scipyfft2 0.001008 3.36e-05 3.024e-05 1.11111111111 3.024e-09 300000.0 7.481626397644118e-05 2.4938754658813727e-06 2.6330013652295183e-05 0.09471607188718575 2.493875465881373e-09 10557870.275607273 no_path_givenno_path_given no_obs_given
2018-08-22 23:45:11.345068 scipyfft 0.001008 3.36e-05 3.024e-05 1.11111111111 3.024e-09 300000.0 7.481626397644118e-05 2.4938754658813727e-06 2.6330013652295183e-05 0.09471607188718575 2.493875465881373e-09 10557870.275607273 no_path_givenno_path_given no_obs_given
2018-08-23 00:06:18.400344 scipyfft 0.10628999099955148 0.0035429996999850493 0.002574627394811792 1.3761213397809147 3.1886997299865444e-07 242226.7017430321 0.007808579694141604 0.00026028598980472014 0.00027166343983498316 0.9581193183846377 2.602859898047201e-07 1043711.3424306818 no_path_givenno_path_given no_obs_given
2018-08-23 00:06:46.328646 scipyfft 0.10628999099955148 0.0035429996999850493 0.002574627394811792 1.3761213397809147 3.1886997299865444e-07 242226.7017430321 0.007808579694141604 0.00026028598980472014 0.00027166343983498316 0.9581193183846377 2.602859898047201e-07 1043711.3424306818 no_path_givenno_path_given no_obs_given
2018-08-23 00:07:04.462461 scipyfft 0.10628999099955148 0.0035429996999850493 0.002574627394811792 1.3761213397809147 3.1886997299865444e-07 242226.7017430321 0.007808579694141604 0.00026028598980472014 0.00027166343983498316 0.9581193183846377 2.602859898047201e-07 1043711.3424306818 no_path_givenno_path_given no_obs_given
2018-08-23 00:09:38.650704 scipyfft 0.0010079888657478866 3.359962885826289e-05 0.0002703442661810171 0.12428459953267604 3.0239665972436597e-09 2682016.392913554 7.481626397644118e-05 2.4938754658813727e-06 2.6330013652295183e-05 0.09471607188718575 2.493875465881373e-09 10557870.275607273 no_path_givenno_path_given no_obs_given
2018-08-23 00:10:39.499680 scipyfft 0.0010079888657478866 3.359962885826289e-05 0.0002703442661810171 0.12428459953267604 3.0239665972436597e-09 2682016.392913554 7.481626397644118e-05 2.4938754658813727e-06 2.6330013652295183e-05 0.09471607188718575 2.493875465881373e-09 10557870.275607273 no_path_givenno_path_given no_obs_given
2018-08-23 00:13:51.569403 scipyfft 0.0010735923943610965 3.5786413145369884e-05 1.6930230541438174e-08 2113.7581710880786 3.2207771830832896e-09 157.697005216896 1.4117644453944788e-07 4.705881484648263e-09 4.250767728832178e-06 0.0011070662489340763 4.705881484648262e-12 903288309.0445911 no_path_givenno_path_given no_obs_given
2018-08-23 00:15:25.836116 scipyfft 0.0010735923943610965 3.5786413145369884e-05 1.959517423777566e-13 182628705.98201 3.2207771830832896e-09 0.00182519681964 1.4117644453944788e-07 4.705881484648263e-09 4.250767728832178e-06 0.0011070662489340763 4.705881484648262e-12 903288309.0445911 no_path_givenno_path_given no_obs_given
2018-08-23 00:18:38.767427 pyplotwelch 0.001016706227362727 3.3890207578757564e-05 3.7780946119293084e-14 897018499.0007784 3.050118682088181e-09 0.00037160140365515926 4.05413018308041e-08 1.35137672769347e-09 1.0900755533130885e-06 0.0012397092326180545 1.35137672769347e-12 806640761.9536482 no_path_givenno_path_given no_obs_given
2018-08-23 00:19:16.622448 scipyfft 0.0010735923943610965 3.5786413145369884e-05 1.959517423777566e-13 182628705.98201 3.2207771830832896e-09 0.00182519681964 1.4117644453944788e-07 4.705881484648263e-09 4.250767728832178e-06 0.0011070662489340763 4.705881484648262e-12 903288309.0445911 no_path_givenno_path_given no_obs_given
2018-08-23 00:21:16.414674 scipyfft 0.0010735923943610965 3.5786413145369884e-05 1.959517423777566e-13 182628705.98201 3.2207771830832896e-09 0.00182519681964 1.4117644453944788e-07 4.705881484648263e-09 4.250767728832178e-06 0.0011070662489340763 4.705881484648262e-12 903288309.0445911 no_path_givenno_path_given no_obs_given
2018-08-23 00:27:33.860101 scipyfft 0.0010079888657478866 3.359962885826289e-05 0.0002703442661810171 0.12428459953267604 3.0239665972436597e-09 2682016.392913554 7.481626397644118e-05 2.4938754658813727e-06 2.6330013652295183e-05 0.09471607188718575 2.493875465881373e-09 10557870.275607273 no_path_givenno_path_given no_obs_given
