4.381800000000000139e-01 0.000000000000000000e+00
4.218600000000000128e-01 3.010300000000000198e-01
4.124700000000000033e-01 4.771199999999999886e-01
4.059099999999999930e-01 6.020600000000000396e-01
4.008800000000000141e-01 6.989699999999999802e-01
3.967999999999999861e-01 7.781500000000000083e-01
3.933900000000000174e-01 8.450999999999999623e-01
3.904500000000000193e-01 9.030899999999999483e-01
3.878800000000000026e-01 9.542399999999999771e-01
3.855899999999999883e-01 1.000000000000000000e+00
3.835299999999999820e-01 1.041400000000000103e+00
3.816499999999999893e-01 1.079199999999999937e+00
3.799399999999999999e-01 1.113899999999999890e+00
3.783599999999999741e-01 1.146099999999999897e+00
3.768900000000000028e-01 1.176099999999999923e+00
3.755299999999999749e-01 1.204099999999999948e+00
3.742500000000000271e-01 1.230399999999999938e+00
3.730499999999999927e-01 1.255300000000000082e+00
3.719100000000000183e-01 1.278799999999999937e+00
3.708400000000000030e-01 1.300999999999999934e+00
3.698199999999999821e-01 1.322200000000000042e+00
3.662099999999999800e-01 1.397899999999999920e+00
3.624700000000000144e-01 1.477100000000000080e+00
3.593299999999999828e-01 1.544100000000000028e+00
3.566400000000000126e-01 1.602100000000000080e+00
3.542799999999999838e-01 1.653200000000000003e+00
3.521799999999999931e-01 1.699000000000000066e+00
3.502899999999999903e-01 1.740399999999999947e+00
3.485800000000000010e-01 1.778200000000000003e+00
3.470099999999999851e-01 1.812899999999999956e+00
3.455599999999999783e-01 1.845099999999999962e+00
3.442200000000000260e-01 1.875099999999999989e+00
3.429699999999999971e-01 1.903100000000000014e+00
3.417999999999999927e-01 1.929400000000000004e+00
3.407000000000000028e-01 1.954199999999999937e+00
3.396600000000000175e-01 1.977700000000000014e+00
3.386799999999999811e-01 2.000000000000000000e+00
3.377499999999999947e-01 2.021199999999999886e+00
3.368700000000000028e-01 2.041399999999999881e+00
3.360199999999999854e-01 2.060700000000000198e+00
3.352200000000000180e-01 2.079200000000000159e+00
3.344500000000000250e-01 2.096900000000000208e+00
3.343099999999999961e-01 2.100000000000000089e+00
3.300000000000000155e-01 2.200000000000000178e+00
3.257399999999999740e-01 2.299999999999999822e+00
3.215399999999999925e-01 2.399999999999999911e+00
3.173900000000000055e-01 2.500000000000000000e+00
3.133000000000000229e-01 2.600000000000000089e+00
3.092500000000000249e-01 2.700000000000000178e+00
3.052599999999999758e-01 2.799999999999999822e+00
3.013299999999999867e-01 2.899999999999999911e+00
2.974399999999999822e-01 3.000000000000000000e+00
2.936000000000000276e-01 3.100000000000000089e+00
2.898100000000000120e-01 3.200000000000000178e+00
2.860699999999999910e-01 3.299999999999999822e+00
2.823800000000000199e-01 3.399999999999999911e+00
2.787399999999999878e-01 3.500000000000000000e+00
2.751399999999999957e-01 3.600000000000000089e+00
2.715899999999999981e-01 3.700000000000000178e+00
2.680799999999999850e-01 3.799999999999999822e+00
2.646200000000000219e-01 3.899999999999999911e+00
2.612099999999999977e-01 4.000000000000000000e+00
2.578400000000000136e-01 4.099999999999999645e+00
2.545100000000000140e-01 4.200000000000000178e+00
2.512300000000000089e-01 4.299999999999999822e+00
2.479899999999999882e-01 4.400000000000000355e+00
2.447900000000000076e-01 4.500000000000000000e+00
2.416300000000000114e-01 4.599999999999999645e+00
2.385099999999999998e-01 4.700000000000000178e+00
2.354300000000000004e-01 4.799999999999999822e+00
2.323900000000000132e-01 4.900000000000000355e+00
2.293900000000000106e-01 5.000000000000000000e+00
2.264299999999999924e-01 5.099999999999999645e+00
2.235099999999999865e-01 5.200000000000000178e+00
2.206299999999999928e-01 5.299999999999999822e+00
2.177800000000000014e-01 5.400000000000000355e+00
2.149699999999999944e-01 5.500000000000000000e+00
2.121999999999999997e-01 5.599999999999999645e+00
2.094600000000000073e-01 5.700000000000000178e+00
2.067599999999999993e-01 5.799999999999999822e+00
2.040899999999999936e-01 5.900000000000000355e+00
2.014499999999999902e-01 6.000000000000000000e+00
1.988600000000000090e-01 6.099999999999999645e+00
1.962899999999999923e-01 6.200000000000000178e+00
1.937599999999999878e-01 6.299999999999999822e+00
1.912600000000000133e-01 6.400000000000000355e+00
1.887900000000000134e-01 6.500000000000000000e+00
1.863200000000000134e-01 6.599999999999999645e+00
1.838599999999999957e-01 6.700000000000000178e+00
1.813899999999999957e-01 6.799999999999999822e+00
1.789300000000000057e-01 6.900000000000000355e+00
1.764600000000000057e-01 7.000000000000000000e+00
1.739999999999999880e-01 7.099999999999999645e+00
1.715399999999999980e-01 7.200000000000000178e+00
1.690699999999999981e-01 7.299999999999999822e+00
1.666100000000000081e-01 7.400000000000000355e+00
1.641400000000000081e-01 7.500000000000000000e+00
1.616799999999999904e-01 7.599999999999999645e+00
1.592099999999999904e-01 7.700000000000000178e+00
1.567500000000000004e-01 7.799999999999999822e+00
1.542900000000000105e-01 7.900000000000000355e+00
1.518200000000000105e-01 8.000000000000000000e+00
1.493599999999999928e-01 8.099999999999999645e+00
1.468899999999999928e-01 8.199999999999999289e+00
1.444300000000000028e-01 8.300000000000000711e+00
1.419600000000000029e-01 8.400000000000000355e+00
1.395000000000000129e-01 8.500000000000000000e+00
1.370399999999999952e-01 8.599999999999999645e+00
1.345699999999999952e-01 8.699999999999999289e+00
1.321100000000000052e-01 8.800000000000000711e+00
1.296400000000000052e-01 8.900000000000000355e+00
1.271799999999999875e-01 9.000000000000000000e+00
1.247199999999999975e-01 9.099999999999999645e+00
1.222499999999999976e-01 9.199999999999999289e+00
1.197899999999999937e-01 9.300000000000000711e+00
1.173199999999999937e-01 9.400000000000000355e+00
1.148600000000000038e-01 9.500000000000000000e+00
1.123900000000000038e-01 9.599999999999999645e+00
1.099299999999999999e-01 9.699999999999999289e+00
1.074699999999999961e-01 9.800000000000000711e+00
1.049999999999999961e-01 9.900000000000000355e+00
1.025400000000000061e-01 1.000000000000000000e+01
1.000700000000000062e-01 1.009999999999999964e+01
9.760800000000000032e-02 1.019999999999999929e+01
9.514400000000000635e-02 1.030000000000000071e+01
9.267999999999999849e-02 1.040000000000000036e+01
9.021600000000000452e-02 1.050000000000000000e+01
8.775099999999999567e-02 1.059999999999999964e+01
8.528700000000000170e-02 1.069999999999999929e+01
8.282299999999999385e-02 1.080000000000000071e+01
8.035899999999999987e-02 1.090000000000000036e+01
7.789500000000000590e-02 1.100000000000000000e+01
7.542999999999999705e-02 1.109999999999999964e+01
7.296600000000000308e-02 1.119999999999999929e+01
7.050199999999999523e-02 1.130000000000000071e+01
6.803800000000000125e-02 1.140000000000000036e+01
6.557300000000000628e-02 1.150000000000000000e+01
6.310899999999999843e-02 1.159999999999999964e+01
6.064499999999999752e-02 1.169999999999999929e+01
5.818099999999999661e-02 1.180000000000000071e+01
5.571600000000000164e-02 1.190000000000000036e+01
5.325200000000000072e-02 1.200000000000000000e+01
5.078799999999999981e-02 1.209999999999999964e+01
4.832399999999999890e-02 1.219999999999999929e+01
4.585899999999999699e-02 1.230000000000000071e+01
4.339500000000000302e-02 1.240000000000000036e+01
4.093100000000000210e-02 1.250000000000000000e+01
3.846700000000000119e-02 1.259999999999999964e+01
3.600199999999999928e-02 1.269999999999999929e+01
3.353799999999999837e-02 1.280000000000000071e+01
3.107400000000000093e-02 1.290000000000000036e+01
2.861000000000000001e-02 1.300000000000000000e+01
2.614500000000000157e-02 1.309999999999999964e+01
2.368100000000000066e-02 1.319999999999999929e+01
2.121699999999999975e-02 1.330000000000000071e+01
1.875299999999999884e-02 1.340000000000000036e+01
1.628800000000000039e-02 1.350000000000000000e+01
1.382399999999999948e-02 1.359999999999999964e+01
1.136000000000000031e-02 1.369999999999999929e+01
8.895600000000000035e-03 1.380000000000000071e+01
6.431400000000000311e-03 1.390000000000000036e+01
3.967100000000000314e-03 1.400000000000000000e+01
1.502899999999999939e-03 1.409999999999999964e+01
0.000000000000000000e+00 1.419999999999999929e+01
0.000000000000000000e+00 1.426099999999999923e+01

The integral is: 2.6504684361000006