0.000000000000000000e+00 1.000000000000000000e+00
7.200000000000000000e+03 1.010000000000000009e+00
1.440000000000000000e+04 1.020000000000000018e+00
2.160000000000000000e+04 1.030000000000000027e+00
2.880000000000000000e+04 1.040000000000000036e+00
3.600000000000000000e+04 1.050000000000000044e+00
4.320000000000000000e+04 1.060000000000000053e+00
5.040000000000000000e+04 1.070000000000000062e+00
5.760000000000000000e+04 1.080000000000000071e+00
6.480000000000000000e+04 1.090000000000000080e+00
7.200000000000000000e+04 1.100000000000000089e+00
7.920000000000000000e+04 1.110000000000000098e+00
8.640000000000000000e+04 1.120000000000000107e+00
9.360000000000000000e+04 1.129999999999999893e+00
1.008000000000000000e+05 1.140000000000000124e+00
1.080000000000000000e+05 1.149999999999999911e+00
1.152000000000000000e+05 1.159999999999999920e+00
1.224000000000000000e+05 1.169999999999999929e+00
1.296000000000000000e+05 1.179999999999999938e+00
1.368000000000000000e+05 1.189999999999999947e+00
1.440000000000000000e+05 1.199999999999999956e+00
1.512000000000000000e+05 1.209999999999999964e+00
1.584000000000000000e+05 1.219999999999999973e+00
1.656000000000000000e+05 1.229999999999999982e+00
1.728000000000000000e+05 1.239999999999999991e+00
1.800000000000000000e+05 1.250000000000000000e+00
1.872000000000000000e+05 1.260000000000000009e+00
1.944000000000000000e+05 1.270000000000000018e+00
2.016000000000000000e+05 1.280000000000000027e+00
2.088000000000000000e+05 1.290000000000000036e+00
2.160000000000000000e+05 1.300000000000000044e+00
2.232000000000000000e+05 1.310000000000000053e+00
2.304000000000000000e+05 1.320000000000000062e+00
2.376000000000000000e+05 1.330000000000000071e+00
2.448000000000000000e+05 1.340000000000000080e+00
2.520000000000000000e+05 1.350000000000000089e+00
2.592000000000000000e+05 1.359999999999999876e+00
2.664000000000000000e+05 1.370000000000000107e+00
2.736000000000000000e+05 1.379999999999999893e+00
2.808000000000000000e+05 1.390000000000000124e+00
2.880000000000000000e+05 1.399999999999999911e+00
2.952000000000000000e+05 1.410000000000000142e+00
3.024000000000000000e+05 1.419999999999999929e+00
3.096000000000000000e+05 1.429999999999999938e+00
3.168000000000000000e+05 1.439999999999999947e+00
3.240000000000000000e+05 1.449999999999999956e+00
3.312000000000000000e+05 1.459999999999999964e+00
3.384000000000000000e+05 1.469999999999999973e+00
3.456000000000000000e+05 1.479999999999999982e+00
3.528000000000000000e+05 1.489999999999999991e+00
3.600000000000000000e+05 1.500000000000000000e+00
3.672000000000000000e+05 1.510000000000000009e+00
3.744000000000000000e+05 1.520000000000000018e+00
3.816000000000000000e+05 1.530000000000000027e+00
3.888000000000000000e+05 1.540000000000000036e+00
3.960000000000000000e+05 1.550000000000000044e+00
4.032000000000000000e+05 1.560000000000000053e+00
4.104000000000000000e+05 1.570000000000000062e+00
4.176000000000000000e+05 1.580000000000000071e+00
4.248000000000000000e+05 1.589999999999999858e+00
4.320000000000000000e+05 1.600000000000000089e+00
4.392000000000000000e+05 1.609999999999999876e+00
4.464000000000000000e+05 1.620000000000000107e+00
4.536000000000000000e+05 1.629999999999999893e+00
4.608000000000000000e+05 1.640000000000000124e+00
4.680000000000000000e+05 1.649999999999999911e+00
4.752000000000000000e+05 1.660000000000000142e+00
4.824000000000000000e+05 1.669999999999999929e+00
4.896000000000000000e+05 1.680000000000000160e+00
4.968000000000000000e+05 1.689999999999999947e+00
5.040000000000000000e+05 1.700000000000000178e+00
5.112000000000000000e+05 1.709999999999999964e+00
5.184000000000000000e+05 1.719999999999999973e+00
5.256000000000000000e+05 1.729999999999999982e+00
5.328000000000000000e+05 1.739999999999999991e+00
5.400000000000000000e+05 1.750000000000000000e+00
5.472000000000000000e+05 1.760000000000000009e+00
5.544000000000000000e+05 1.770000000000000018e+00
5.616000000000000000e+05 1.780000000000000027e+00
5.688000000000000000e+05 1.790000000000000036e+00
5.760000000000000000e+05 1.800000000000000044e+00
5.832000000000000000e+05 1.810000000000000053e+00
5.904000000000000000e+05 1.820000000000000062e+00
5.976000000000000000e+05 1.830000000000000071e+00
6.048000000000000000e+05 1.839999999999999858e+00
6.120000000000000000e+05 1.850000000000000089e+00
6.192000000000000000e+05 1.859999999999999876e+00
6.264000000000000000e+05 1.870000000000000107e+00
6.336000000000000000e+05 1.879999999999999893e+00
6.408000000000000000e+05 1.890000000000000124e+00
6.480000000000000000e+05 1.899999999999999911e+00
6.552000000000000000e+05 1.910000000000000142e+00
6.624000000000000000e+05 1.919999999999999929e+00
6.696000000000000000e+05 1.930000000000000160e+00
6.768000000000000000e+05 1.939999999999999947e+00
6.840000000000000000e+05 1.950000000000000178e+00
6.912000000000000000e+05 1.959999999999999964e+00
6.984000000000000000e+05 1.969999999999999973e+00
7.056000000000000000e+05 1.979999999999999982e+00
7.128000000000000000e+05 1.989999999999999991e+00
7.200000000000000000e+05 2.000000000000000000e+00
